$ANSIBLE_VAULT;1.1;AES256
34323863636531613734613730656130653737393233336538643832333734656665653162626532
3333623430623362383531653236643765653434633939370a323433333837303761353139366232
61356135376635383034623165313134373361306166623136353137306130373634323836663032
6566383663366637610a636531633865633535353732666262386465373064363439623761376434
34663266613531633032663838623633303638646532623738326538333430663361303730656430
63396366653738646361653536386266646431373638653962336331353533343939633664313639
33306639613933356134346161313330633431363130643662663366323964626635633866306232
66306239373334333631313561366334633239336361613532353335303733656136333935373431
30626533666439666436343962643937303735366630626635656638356633393430313161316234
35386564373531643838343131306334306565396161313631326361383261646639393231636135
33663666326432623932316263383633636135616631393565333031376665313839343165653761
39303132323365643663643739663166393037656366613163383032393965343933356364386539
61383839663665353239623339646331643938393665363733633734373365366365373636356461
38653533373237666533373063333366333436636538333335626262616632623864643139333837
63393364646238333431666137623666616334616266383466353532386366646636396334663334
61663836353530323361303536343566366162613035396564306139316635363534356233663666
37383064393439666165373935363063646263396666326337326133616161303364313134343831
39666238373032613231653030383063666331623063666538353434616439343966303166343330
32653662333665333539393935656237316336363261393665306531623762623361313664656139
37643766373037363430373234386132346165626166366139626463303865353834363838636265
64346635303761333333303335323034363535633062393364623065376631393637316366303965
61383466303863643530333636623363346233373165656664623362376238343339626135303265
33636137316432313961323833663963346462646661656332356536333032303136376334393462
66643366373034633765396465323939326264356563643565353265336137353464666535353639
64653665393364616234663530653566623331363166363339336166653164306262666262646163
30633531333431393265336438353830643866653461636636653433663164623963323936616433
35653763633766343735373235373663356439343532623930643935353033383063653562343438
61346134633062313164316361636437313666343064343330636333393164326132643562653837
35373038393539613161333639633265353734376531326633376232336235336436303762313664
64666237653062633666306430326631396630303039383836643465376532343439343831656638
63636235613439373261646230383336633964323439353736636333383161656564386565336636
35623832613264646261356363636632336636346365386133663136363261643662333931633966
38346238656666646239386666383139316434383833633930363830643066636262376336303138
63336565623337343830623135373237306361353631623261386137386533383930666661376531
32343161323465623235353531366666363139336233393836316230313964303039303466386534
36386366383962653436303565626266623065373139613630353237373362316164646265623839
31613238653231333864656331326638323536326266313064646337353237616130376538333163
61653834636362386566376264313730366439333433663865386435613763316665353933356232
63393436663639303730643335303932356135353164663863333538383834643732353135626538
64353965383765383730323466343164363134623438376666643861343539643130313736646664
38623035396564303364616330623031393436306232373266373630303162663032616366333631
61633234356132636639626266366337336666626161346138393736663739663037386338663961
66633163363862386264306433333630656630666261643065613266656238303735393036366232
66383366396332363232613265653134663061386230336632303661333064653463363338613233
65633135396535346231333638336563643333373765656332616230376465393663343161643263
61326633633738353932663834343834353832323836303737353565613733616635353334316638
64666437366261653538313666363035303539393036303937643463323732393064626238356337
36336163306639306139623139636463316265343339343037613637393966353236303963346633
65356364643062616433343462383434316364396630643766653638373639386533336164613430
64633961303439636239323866393361303335323064346231346639623064333738623335653563
39656136343761333230656235323765633463393039666238666462393364626162353037386561
66373634356433383135356432366162333032383962633531336264363863656461386332306332
37303364366535396463623336666531386630356131333836383730313231363366323363643166
63633466326334313537396666316533363936323861316439306462353365666139386663653237
39666330353265373463616461356433653765653561353664333565323739326434383936663637
36663732343832366437623434663436376165303565663033616466363133636134646431373962
65633530393564356461343333633666303436613361373963373937303030393938653963363537
31353433363862613138363764646238653666313364346662663862396164303031376230623233
61376136653762613935393036393164653139623865353432313039373466616130636563363033
34616165643030306231386334623438356139343434616239326330373461336634616633323063
63613061336335336631306462616261613862373734646661633166643336383565383730383236
62656664333937623564386133386163336363383132313936343762663439333238303836383366
63613461643439623135633065323535353764663638376361363466353963353832613539663030
64643034616434326239636134316336366237323964663266383835656362386136653537633031
37326638333238373865393236663461656462316132626636373839386130343030323932383361
33333637633264643233343131356361616231333833633835323937393339663234313264333564
39313932363131303734386564633036653933646164373332383665383436613537663639393065
31343565666565383365323335613563323463333637306363666137363866663362663366633137
63366138623738613536623134303633663166336139646539373266393134663631376333343130
36653835636438336263313362653234646566336437333566626430383862373739633437326263
62363638623930393633393664393663643839373037363965363933663439663937363031653536
63613438383561643966346565383338613730353739353162666465396638376562353532663332
32343534333731613766633630386139326131653937396635326431643134393862376563343936
62373430653866336661353763623064383835343031323165376337393239303933616231373838
61373431383963626430326464393764396534656231303036303462333834646231323962643530
61663037333334356435653536613530333133633562356539356466666330666531653933363663
66306438386133643030633435653430656332396238393731353064666538396237326663393935
39626633386463333261396332316166386333393933303630613037356366313766653165353265
63656238396564313439653934653161353432383761613134623761636232653366343662626532
33306331373938366162306239653432363066653637343337343532303566393866346638656236
62396337353535626137393333636339303530366233393736386330386130323662313762343730
62363665353538386235633839333530663164623034346135346239383166316232363566373962
39336566616438383237353864616633343061663839386632653963363832376366626535613839
38396333323662653935663065663963666236393065393034633764363337663831333630333633
36353833623730613463356530393264363764353965623931316461616566363261343162646135
66346633346137663164376162323763353032333765653464303239616464333631356336316538
65363133653137386631306661356438326236353365653832623366636239663035306165623561
30653562656361653663366531613963303865336238356238643132336636353137376431623964
65333939363132636264613961656533336364333336346162616361393831633266323637333635
33383335663030306236623565646364363732616339363835343334336562623038626163643765
32383063363634336331643365396337343363333663336161666432303761363730343764303862
35313537376431343532613762363833316236313232313132663866356634356136363863666365
6530
